Enter the no. of Rows and Columns of A:Enter the 'A' matrix row-wise:
Enter the 'b' matrix:
Enter the 'c' cost matrix:
Enter the initial feasible solution 'x':
Done A
Done b
A=
    1    -1     1    -1  0.83 -0.83   0.5  -0.5
  1.2  -1.2     1    -1     1    -1   1.2  -1.2
  0.5  -0.5   0.7  -0.7   1.2  -1.2   0.4  -0.4
   -1     1     0    -0     0    -0     0    -0
    0    -0    -1     1     0    -0     0    -0
    0    -0     0    -0    -1     1     0    -0
    0    -0     0    -0     0    -0    -1     1
   -1     0     0     0     0     0     0     0
    0    -1     0     0     0     0     0     0
    0     0    -1     0     0     0     0     0
    0     0     0    -1     0     0     0     0
    0     0     0     0    -1     0     0     0
    0     0     0     0     0    -1     0     0
    0     0     0     0     0     0    -1     0
    0     0     0     0     0     0     0    -1
b=
65
96
80
0
0
0
0
0
0
0
0
0
0
0
0
c=
2
-2
7
-7
6
-6
4
-4
Going into get_Vertex

 Ax= 6.66
8.8
5.6
-2
-2
-2
-2
-1
1
-1
1
-1
1
-1
1
count=
0
 Matrices are A1::
 
 A2::
    1    -1     1    -1  0.83 -0.83   0.5  -0.5
  1.2  -1.2     1    -1     1    -1   1.2  -1.2
  0.5  -0.5   0.7  -0.7   1.2  -1.2   0.4  -0.4
   -1     1     0    -0     0    -0     0    -0
    0    -0    -1     1     0    -0     0    -0
    0    -0     0    -0    -1     1     0    -0
    0    -0     0    -0     0    -0    -1     1
   -1     0     0     0     0     0     0     0
    0    -1     0     0     0     0     0     0
    0     0    -1     0     0     0     0     0
    0     0     0    -1     0     0     0     0
    0     0     0     0    -1     0     0     0
    0     0     0     0     0    -1     0     0
    0     0     0     0     0     0    -1     0
    0     0     0     0     0     0     0    -1
vertex=
0.1
0.1
0.1
0.1
0.1
0.1
0.1
0.1
b=65A2.row=6.66A2.rowsssssssssss=6.93889e-018
test=8.40768e+018
b=96A2.row=8.8A2.rowsssssssssss=-6.66107e-018
test=-1.3091e+019
b=80A2.row=5.6A2.rowsssssssssss=-3.60836e-018
test=-2.06188e+019
b=0A2.row=-2A2.rowsssssssssss=0
test=inf
b=0A2.row=-2A2.rowsssssssssss=0
test=inf
b=0A2.row=-2A2.rowsssssssssss=0
test=inf
b=0A2.row=-2A2.rowsssssssssss=0
test=inf
b=0A2.row=-1A2.rowsssssssssss=-0.1
test=-10
b=0A2.row=1A2.rowsssssssssss=-0.1
test=10
b=0A2.row=-1A2.rowsssssssssss=-0.1
test=-10
b=0A2.row=1A2.rowsssssssssss=-0.1
test=10
b=0A2.row=-1A2.rowsssssssssss=-0.1
test=-10
b=0A2.row=1A2.rowsssssssssss=-0.1
test=10
b=0A2.row=-1A2.rowsssssssssss=-0.1
test=-10
b=0A2.row=1A2.rowsssssssssss=-0.1
test=10
beta=10x_dummy=
2
0
2
0
2
0
2
0

 Ax= 6.66
8.8
5.6
-2
-2
-2
-2
-2
0
-2
0
-2
0
-2
0
count=
4
 Matrices are A1::
 0 -1  0  0  0  0  0  0
 0  0  0 -1  0  0  0  0
 0  0  0  0  0 -1  0  0
 0  0  0  0  0  0  0 -1 
 A2::
    1    -1     1    -1  0.83 -0.83   0.5  -0.5
  1.2  -1.2     1    -1     1    -1   1.2  -1.2
  0.5  -0.5   0.7  -0.7   1.2  -1.2   0.4  -0.4
   -1     1     0    -0     0    -0     0    -0
    0    -0    -1     1     0    -0     0    -0
    0    -0     0    -0    -1     1     0    -0
    0    -0     0    -0     0    -0    -1     1
   -1     0     0     0     0     0     0     0
    0     0    -1     0     0     0     0     0
    0     0     0     0    -1     0     0     0
    0     0     0     0     0     0    -1     0
vertex=
0
0
0
0
1
0
0
0
b=65A2.row=6.66A2.rowsssssssssss=0.83
test=70.2892
b=96A2.row=8.8A2.rowsssssssssss=1
test=87.2
b=80A2.row=5.6A2.rowsssssssssss=1.2
test=62
b=0A2.row=-2A2.rowsssssssssss=0
test=inf
b=0A2.row=-2A2.rowsssssssssss=0
test=inf
b=0A2.row=-2A2.rowsssssssssss=-1
test=-2
b=0A2.row=-2A2.rowsssssssssss=0
test=inf
b=0A2.row=-2A2.rowsssssssssss=0
test=inf
b=0A2.row=-2A2.rowsssssssssss=0
test=inf
b=0A2.row=-2A2.rowsssssssssss=-1
test=-2
b=0A2.row=-2A2.rowsssssssssss=0
test=inf
beta=62x_dummy=
2
0
2
0
64
0
2
0

 Ax= 58.12
70.8
80
-2
-2
-64
-2
-2
0
-2
0
-64
0
-2
0
count=
5
 Matrices are A1::
 0.5 -0.5  0.7 -0.7  1.2 -1.2  0.4 -0.4
   0   -1    0    0    0    0    0    0
   0    0    0   -1    0    0    0    0
   0    0    0    0    0   -1    0    0
   0    0    0    0    0    0    0   -1 
 A2::
    1    -1     1    -1  0.83 -0.83   0.5  -0.5
  1.2  -1.2     1    -1     1    -1   1.2  -1.2
   -1     1     0    -0     0    -0     0    -0
    0    -0    -1     1     0    -0     0    -0
    0    -0     0    -0    -1     1     0    -0
    0    -0     0    -0     0    -0    -1     1
   -1     0     0     0     0     0     0     0
    0     0    -1     0     0     0     0     0
    0     0     0     0    -1     0     0     0
    0     0     0     0     0     0    -1     0
vertex=
0
0
1
0
-0.583333
0
0
0
b=65A2.row=58.12A2.rowsssssssssss=0.515833
test=13.3376
b=96A2.row=70.8A2.rowsssssssssss=0.416667
test=60.48
b=0A2.row=-2A2.rowsssssssssss=0
test=inf
b=0A2.row=-2A2.rowsssssssssss=-1
test=-2
b=0A2.row=-64A2.rowsssssssssss=0.583333
test=109.714
b=0A2.row=-2A2.rowsssssssssss=0
test=inf
b=0A2.row=-2A2.rowsssssssssss=0
test=inf
b=0A2.row=-2A2.rowsssssssssss=-1
test=-2
b=0A2.row=-64A2.rowsssssssssss=0.583333
test=109.714
b=0A2.row=-2A2.rowsssssssssss=0
test=inf
beta=13.3376x_dummy=
2
0
15.3376
0
56.2197
0
2
0

 Ax= 65
76.3574
80
-2
-15.3376
-56.2197
-2
-2
0
-15.3376
0
-56.2197
0
-2
0
count=
6
 Matrices are A1::
    1    -1     1    -1  0.83 -0.83   0.5  -0.5
  0.5  -0.5   0.7  -0.7   1.2  -1.2   0.4  -0.4
    0    -1     0     0     0     0     0     0
    0     0     0    -1     0     0     0     0
    0     0     0     0     0    -1     0     0
    0     0     0     0     0     0     0    -1 
 A2::
 1.2 -1.2    1   -1    1   -1  1.2 -1.2
  -1    1    0   -0    0   -0    0   -0
   0   -0   -1    1    0   -0    0   -0
   0   -0    0   -0   -1    1    0   -0
   0   -0    0   -0    0   -0   -1    1
  -1    0    0    0    0    0    0    0
   0    0   -1    0    0    0    0    0
   0    0    0    0   -1    0    0    0
   0    0    0    0    0    0   -1    0
vertex=
-0.341401
0
0
0
-0.191083
0
1
0
b=96A2.row=76.3574A2.rowsssssssssss=0.599236
test=32.7795
b=0A2.row=-2A2.rowsssssssssss=0.341401
test=5.85821
b=0A2.row=-15.3376A2.rowsssssssssss=0
test=inf
b=0A2.row=-56.2197A2.rowsssssssssss=0.191083
test=294.216
b=0A2.row=-2A2.rowsssssssssss=-1
test=-2
b=0A2.row=-2A2.rowsssssssssss=0.341401
test=5.85821
b=0A2.row=-15.3376A2.rowsssssssssss=0
test=inf
b=0A2.row=-56.2197A2.rowsssssssssss=0.191083
test=294.216
b=0A2.row=-2A2.rowsssssssssss=-1
test=-2
beta=5.85821x_dummy=
-6.07436e-008
0
15.3376
0
55.1003
0
7.85821
0

 Ax= 65
79.8678
80
6.07436e-008
-15.3376
-55.1003
-7.85821
6.07436e-008
0
-15.3376
0
-55.1003
0
-7.85821
0
count=
8
 Matrices are A1::
    1    -1     1    -1  0.83 -0.83   0.5  -0.5
  0.5  -0.5   0.7  -0.7   1.2  -1.2   0.4  -0.4
   -1     1     0    -0     0    -0     0    -0
   -1     0     0     0     0     0     0     0
    0    -1     0     0     0     0     0     0
    0     0     0    -1     0     0     0     0
    0     0     0     0     0    -1     0     0
    0     0     0     0     0     0     0    -1 
 A2::
 1.2 -1.2    1   -1    1   -1  1.2 -1.2
   0   -0   -1    1    0   -0    0   -0
   0   -0    0   -0   -1    1    0   -0
   0   -0    0   -0    0   -0   -1    1
   0    0   -1    0    0    0    0    0
   0    0    0    0   -1    0    0    0
   0    0    0    0    0    0   -1    0
vertex=
0
-0
-0.432956
0
-0.0807754
0
1
0
b=96A2.row=79.8678A2.rowsssssssssss=0.686268
test=23.5071
b=0A2.row=-15.3376A2.rowsssssssssss=0.432956
test=35.4254
b=0A2.row=-55.1003A2.rowsssssssssss=0.0807754
test=682.142
b=0A2.row=-7.85821A2.rowsssssssssss=-1
test=-7.85821
b=0A2.row=-15.3376A2.rowsssssssssss=0.432956
test=35.4254
b=0A2.row=-55.1003A2.rowsssssssssss=0.0807754
test=682.142
b=0A2.row=-7.85821A2.rowsssssssssss=-1
test=-7.85821
beta=23.5071x_dummy=
-6.07436e-008
0
5.16008
0
53.2015
0
31.3653
0

 Ax= 65
96
80
6.07436e-008
-5.16008
-53.2015
-31.3653
6.07436e-008
0
-5.16008
0
-53.2015
0
-31.3653
0
count=
9
 Matrices are A1::
    1    -1     1    -1  0.83 -0.83   0.5  -0.5
  1.2  -1.2     1    -1     1    -1   1.2  -1.2
  0.5  -0.5   0.7  -0.7   1.2  -1.2   0.4  -0.4
   -1     1     0    -0     0    -0     0    -0
   -1     0     0     0     0     0     0     0
    0    -1     0     0     0     0     0     0
    0     0     0    -1     0     0     0     0
    0     0     0     0     0    -1     0     0
    0     0     0     0     0     0     0    -1 
 A2::
 0 -0 -1  1  0 -0  0 -0
 0 -0  0 -0 -1  1  0 -0
 0 -0  0 -0  0 -0 -1  1
 0  0 -1  0  0  0  0  0
 0  0  0  0 -1  0  0  0
 0  0  0  0  0  0 -1  0
INTOTHEBOKERS

A1=
    1    -1     1    -1  0.83 -0.83   0.5  -0.5
  1.2  -1.2     1    -1     1    -1   1.2  -1.2
  0.5  -0.5   0.7  -0.7   1.2  -1.2   0.4  -0.4
   -1     1     0    -0     0    -0     0    -0
   -1     0     0     0     0     0     0     0
    0    -1     0     0     0     0     0     0
    0     0     0    -1     0     0     0     0
    0     0     0     0     0    -1     0     0
    0     0     0     0     0     0     0    -1

Final Intial vertex=
-6.07436e-008
0
5.16008
0
53.2015
0
31.3653
0
%%%%%%%%%%%%%%%%%%%%%%%%%%%%%%%%%
x=
-6.07436e-008
0
5.16008
0
53.2015
0
31.3653
0
====================================
x=0
0
5.16008
0
53.2015
0
31.3653
0
+++++++++++++++++++++++++++++++++++++
=====================================
Ax=65
96
80
0
-5.16008
-53.2015
-31.3653
0
0
-5.16008
0
-53.2015
0
-31.3653
0
+++++++++++++++++++++++++++++++++++++
iteration=1m=15
b=65
96
80
0
0
0
0
0
0
0
0
0
0
0
0
-----------------
9
-------------------
 Hetre!!! The Matrices are ::    1    -1     1    -1  0.83 -0.83   0.5  -0.5
  1.2  -1.2     1    -1     1    -1   1.2  -1.2
  0.5  -0.5   0.7  -0.7   1.2  -1.2   0.4  -0.4
   -1     1     0    -0     0    -0     0    -0
   -1     0     0     0     0     0     0     0
    0    -1     0     0     0     0     0     0
    0     0     0    -1     0     0     0     0
    0     0     0     0     0    -1     0     0
    0     0     0     0     0     0     0    -1 and ::
 0 -0 -1  1  0 -0  0 -0
 0 -0  0 -0 -1  1  0 -0
 0 -0  0 -0  0 -0 -1  1
 0  0 -1  0  0  0  0  0
 0  0  0  0 -1  0  0  0
 0  0  0  0  0  0 -1  0
=============9===========================
b=
65.1
96.01
80.001
0.0001
1e-005
1e-006
1e-007
1e-008
1e-009
1e-010
1e-011
1e-012
1e-013
1e-014
1e-015
====================================
x=0
0
5.16008
0
53.2015
0
31.3653
0
+++++++++++++++++++++++++++++++++++++
=====================================
Ax=65
96
80
0
-5.16008
-53.2015
-31.3653
0
0
-5.16008
0
-53.2015
0
-31.3653
0
+++++++++++++++++++++++++++++++++++++
iteration=2m=15
b=65.1
96.01
80.001
0.0001
1e-005
1e-006
1e-007
1e-008
1e-009
1e-010
1e-011
1e-012
1e-013
1e-014
1e-015
-----------------
5
-------------------
 Hetre!!! The Matrices are ::-1  0  0  0  0  0  0  0
 0 -1  0  0  0  0  0  0
 0  0  0 -1  0  0  0  0
 0  0  0  0  0 -1  0  0
 0  0  0  0  0  0  0 -1 and ::
    1    -1     1    -1  0.83 -0.83   0.5  -0.5
  1.2  -1.2     1    -1     1    -1   1.2  -1.2
  0.5  -0.5   0.7  -0.7   1.2  -1.2   0.4  -0.4
   -1     1     0    -0     0    -0     0    -0
    0    -0    -1     1     0    -0     0    -0
    0    -0     0    -0    -1     1     0    -0
    0    -0     0    -0     0    -0    -1     1
    0     0    -1     0     0     0     0     0
    0     0     0     0    -1     0     0     0
    0     0     0     0     0     0    -1     0
=============5===========================
b=
65.05
96.0025
80.0001
6.25e-006
3.125e-007
1.5625e-008
7.8125e-010
3.90625e-011
1.95313e-012
9.76563e-014
4.88281e-015
2.44141e-016
1.2207e-017
6.10352e-019
3.05176e-020
====================================
x=0
0
5.16008
0
53.2015
0
31.3653
0
+++++++++++++++++++++++++++++++++++++
=====================================
Ax=65
96
80
0
-5.16008
-53.2015
-31.3653
0
0
-5.16008
0
-53.2015
0
-31.3653
0
+++++++++++++++++++++++++++++++++++++
iteration=3m=15
b=65.05
96.0025
80.0001
6.25e-006
3.125e-007
1.5625e-008
7.8125e-010
3.90625e-011
1.95313e-012
9.76563e-014
4.88281e-015
2.44141e-016
1.2207e-017
6.10352e-019
3.05176e-020
-----------------
6
-------------------
 Hetre!!! The Matrices are ::-1  1  0 -0  0 -0  0 -0
-1  0  0  0  0  0  0  0
 0 -1  0  0  0  0  0  0
 0  0  0 -1  0  0  0  0
 0  0  0  0  0 -1  0  0
 0  0  0  0  0  0  0 -1 and ::
    1    -1     1    -1  0.83 -0.83   0.5  -0.5
  1.2  -1.2     1    -1     1    -1   1.2  -1.2
  0.5  -0.5   0.7  -0.7   1.2  -1.2   0.4  -0.4
    0    -0    -1     1     0    -0     0    -0
    0    -0     0    -0    -1     1     0    -0
    0    -0     0    -0     0    -0    -1     1
    0     0    -1     0     0     0     0     0
    0     0     0     0    -1     0     0     0
    0     0     0     0     0     0    -1     0
=============6===========================
b=
65.025
96.0006
80
3.90625e-007
9.76563e-009
2.44141e-010
6.10352e-012
1.52588e-013
3.8147e-015
9.53674e-017
2.38419e-018
5.96046e-020
1.49012e-021
3.72529e-023
9.31323e-025
====================================
x=0
0
5.16008
0
53.2015
0
31.3653
0
+++++++++++++++++++++++++++++++++++++
=====================================
Ax=65
96
80
0
-5.16008
-53.2015
-31.3653
0
0
-5.16008
0
-53.2015
0
-31.3653
0
+++++++++++++++++++++++++++++++++++++
iteration=4m=15
b=65.025
96.0006
80
3.90625e-007
9.76563e-009
2.44141e-010
6.10352e-012
1.52588e-013
3.8147e-015
9.53674e-017
2.38419e-018
5.96046e-020
1.49012e-021
3.72529e-023
9.31323e-025
-----------------
6
-------------------
 Hetre!!! The Matrices are ::-1  1  0 -0  0 -0  0 -0
-1  0  0  0  0  0  0  0
 0 -1  0  0  0  0  0  0
 0  0  0 -1  0  0  0  0
 0  0  0  0  0 -1  0  0
 0  0  0  0  0  0  0 -1 and ::
    1    -1     1    -1  0.83 -0.83   0.5  -0.5
  1.2  -1.2     1    -1     1    -1   1.2  -1.2
  0.5  -0.5   0.7  -0.7   1.2  -1.2   0.4  -0.4
    0    -0    -1     1     0    -0     0    -0
    0    -0     0    -0    -1     1     0    -0
    0    -0     0    -0     0    -0    -1     1
    0     0    -1     0     0     0     0     0
    0     0     0     0    -1     0     0     0
    0     0     0     0     0     0    -1     0
=============6===========================
b=
65.0125
96.0002
80
2.44141e-008
3.05176e-010
3.8147e-012
4.76837e-014
5.96046e-016
7.45058e-018
9.31323e-020
1.16415e-021
1.45519e-023
1.81899e-025
2.27374e-027
2.84217e-029
====================================
x=0
0
5.16008
0
53.2015
0
31.3653
0
+++++++++++++++++++++++++++++++++++++
=====================================
Ax=65
96
80
0
-5.16008
-53.2015
-31.3653
0
0
-5.16008
0
-53.2015
0
-31.3653
0
+++++++++++++++++++++++++++++++++++++
iteration=5m=15
b=65.0125
96.0002
80
2.44141e-008
3.05176e-010
3.8147e-012
4.76837e-014
5.96046e-016
7.45058e-018
9.31323e-020
1.16415e-021
1.45519e-023
1.81899e-025
2.27374e-027
2.84217e-029
-----------------
7
-------------------
 Hetre!!! The Matrices are :: 0.5 -0.5  0.7 -0.7  1.2 -1.2  0.4 -0.4
  -1    1    0   -0    0   -0    0   -0
  -1    0    0    0    0    0    0    0
   0   -1    0    0    0    0    0    0
   0    0    0   -1    0    0    0    0
   0    0    0    0    0   -1    0    0
   0    0    0    0    0    0    0   -1 and ::
    1    -1     1    -1  0.83 -0.83   0.5  -0.5
  1.2  -1.2     1    -1     1    -1   1.2  -1.2
    0    -0    -1     1     0    -0     0    -0
    0    -0     0    -0    -1     1     0    -0
    0    -0     0    -0     0    -0    -1     1
    0     0    -1     0     0     0     0     0
    0     0     0     0    -1     0     0     0
    0     0     0     0     0     0    -1     0
=============7===========================
b=
65.0062
96
80
1.52588e-009
9.53674e-012
5.96046e-014
3.72529e-016
2.32831e-018
1.45519e-020
9.09495e-023
5.68434e-025
3.55271e-027
2.22045e-029
1.38778e-031
8.67362e-034
====================================
x=0
0
5.16008
0
53.2015
0
31.3653
0
+++++++++++++++++++++++++++++++++++++
=====================================
Ax=65
96
80
0
-5.16008
-53.2015
-31.3653
0
0
-5.16008
0
-53.2015
0
-31.3653
0
+++++++++++++++++++++++++++++++++++++
iteration=6m=15
b=65.0062
96
80
1.52588e-009
9.53674e-012
5.96046e-014
3.72529e-016
2.32831e-018
1.45519e-020
9.09495e-023
5.68434e-025
3.55271e-027
2.22045e-029
1.38778e-031
8.67362e-034
-----------------
7
-------------------
 Hetre!!! The Matrices are :: 0.5 -0.5  0.7 -0.7  1.2 -1.2  0.4 -0.4
  -1    1    0   -0    0   -0    0   -0
  -1    0    0    0    0    0    0    0
   0   -1    0    0    0    0    0    0
   0    0    0   -1    0    0    0    0
   0    0    0    0    0   -1    0    0
   0    0    0    0    0    0    0   -1 and ::
    1    -1     1    -1  0.83 -0.83   0.5  -0.5
  1.2  -1.2     1    -1     1    -1   1.2  -1.2
    0    -0    -1     1     0    -0     0    -0
    0    -0     0    -0    -1     1     0    -0
    0    -0     0    -0     0    -0    -1     1
    0     0    -1     0     0     0     0     0
    0     0     0     0    -1     0     0     0
    0     0     0     0     0     0    -1     0
=============7===========================
b=
65.0031
96
80
9.53674e-011
2.98023e-013
9.31323e-016
2.91038e-018
9.09495e-021
2.84217e-023
8.88178e-026
2.77556e-028
8.67362e-031
2.71051e-033
8.47033e-036
2.64698e-038
====================================
x=0
0
5.16008
0
53.2015
0
31.3653
0
+++++++++++++++++++++++++++++++++++++
=====================================
Ax=65
96
80
0
-5.16008
-53.2015
-31.3653
0
0
-5.16008
0
-53.2015
0
-31.3653
0
+++++++++++++++++++++++++++++++++++++
iteration=7m=15
b=65.0031
96
80
9.53674e-011
2.98023e-013
9.31323e-016
2.91038e-018
9.09495e-021
2.84217e-023
8.88178e-026
2.77556e-028
8.67362e-031
2.71051e-033
8.47033e-036
2.64698e-038
-----------------
8
-------------------
 Hetre!!! The Matrices are :: 1.2 -1.2    1   -1    1   -1  1.2 -1.2
 0.5 -0.5  0.7 -0.7  1.2 -1.2  0.4 -0.4
  -1    1    0   -0    0   -0    0   -0
  -1    0    0    0    0    0    0    0
   0   -1    0    0    0    0    0    0
   0    0    0   -1    0    0    0    0
   0    0    0    0    0   -1    0    0
   0    0    0    0    0    0    0   -1 and ::
    1    -1     1    -1  0.83 -0.83   0.5  -0.5
    0    -0    -1     1     0    -0     0    -0
    0    -0     0    -0    -1     1     0    -0
    0    -0     0    -0     0    -0    -1     1
    0     0    -1     0     0     0     0     0
    0     0     0     0    -1     0     0     0
    0     0     0     0     0     0    -1     0
=============8===========================
=============================================
================================
 nan  nan  nan  nan  nan  nan  nan  nan
 nan  nan  nan  nan  nan  nan  nan  nan
 nan  nan  nan  nan  nan  nan  nan  nan
 nan  nan  nan  nan  nan  nan  nan  nan
 nan  nan  nan  nan  nan  nan  nan  nan
 nan  nan  nan  nan  nan  nan  nan  nan
 nan  nan -inf  inf -inf  nan  nan  nan
   0    0    0    0    0    0    0    1Crosse degeneration diff
 1.2 -1.2    1   -1    1   -1  1.2 -1.2
 0.5 -0.5  0.7 -0.7  1.2 -1.2  0.4 -0.4
  -1    1    0   -0    0   -0    0   -0
  -1    0    0    0    0    0    0    0
   0   -1    0    0    0    0    0    0
   0    0    0   -1    0    0    0    0
   0    0    0    0    0   -1    0    0
   0    0    0    0    0    0    0   -1
================================
===============================
Bt=nan
nan
nan
nan
nan
nan
nan
0
+++++++++++++++++++++++++++++++
===============================
Bt=nan
nan
nan
nan
nan
nan
nan
0
+++++++++++++++++++++++++++++++
===============================
Bt=nan
nan
nan
nan
nan
nan
-inf
0
+++++++++++++++++++++++++++++++
===============================
Bt=nan
nan
nan
nan
nan
nan
inf
0
+++++++++++++++++++++++++++++++
===============================
Bt=nan
nan
nan
nan
nan
nan
-inf
0
+++++++++++++++++++++++++++++++
===============================
Bt=nan
nan
nan
nan
nan
nan
nan
0
+++++++++++++++++++++++++++++++
===============================
Bt=nan
nan
nan
nan
nan
nan
nan
0
+++++++++++++++++++++++++++++++
===============================
Bt=nan
nan
nan
nan
nan
nan
nan
1
+++++++++++++++++++++++++++++++
Hyadfadsfasdfasdfasdf

Final x=
0
0
5.16008
0
53.2015
0
31.3653
0
Into the main
INto the else
Optimum solution is 
0
5.16008
53.2015
31.3653
Cost is:480.791
