Enter the no. of Rows and Columns of A:Enter the 'A' matrix row-wise:
Enter the 'b' matrix:
Enter the 'c' cost matrix:
Wanna enter initial feasible solution 'x':(y/N)
Please Enter the Intial feasible solution
Done A
Done b
A=
    1    -1     1    -1  0.83 -0.83   0.5  -0.5
  1.2  -1.2     1    -1     1    -1   1.2  -1.2
  0.5  -0.5   0.7  -0.7   1.2  -1.2   0.4  -0.4
   -1     1     0     0     0     0     0     0
    0     0    -1     1     0     0     0     0
    0     0     0     0    -1     1     0     0
    0     0     0     0     0     0    -1     1
   -1     0     0     0     0     0     0     0
    0    -1     0     0     0     0     0     0
    0     0    -1     0     0     0     0     0
    0     0     0    -1     0     0     0     0
    0     0     0     0    -1     0     0     0
    0     0     0     0     0    -1     0     0
    0     0     0     0     0     0    -1     0
    0     0     0     0     0     0     0    -1
b=
65
96
80
0
0
0
0
0
0
0
0
0
0
0
0
c=
2
-2
7
-7
6
-6
4
-4
x=
1
0
1
0
1
0
1
0
Going into get_Vertex
count=
4
 Matrices are A1::
 0 -1  0  0  0  0  0  0
 0  0  0 -1  0  0  0  0
 0  0  0  0  0 -1  0  0
 0  0  0  0  0  0  0 -1 
 A2::
    1    -1     1    -1  0.83 -0.83   0.5  -0.5
  1.2  -1.2     1    -1     1    -1   1.2  -1.2
  0.5  -0.5   0.7  -0.7   1.2  -1.2   0.4  -0.4
   -1     1     0     0     0     0     0     0
    0     0    -1     1     0     0     0     0
    0     0     0     0    -1     1     0     0
    0     0     0     0     0     0    -1     1
   -1     0     0     0     0     0     0     0
    0     0    -1     0     0     0     0     0
    0     0     0     0    -1     0     0     0
    0     0     0     0     0     0    -1     0
direction=
0
0
0
0
1
0
0
0
test=74.3012
test=91.6
test=64.3333
test=-1
test=-1
beta=64.3333
x_dummy=
1
0
1
0
65.3333
0
1
0
count=
5
 Matrices are A1::
 0.5 -0.5  0.7 -0.7  1.2 -1.2  0.4 -0.4
   0   -1    0    0    0    0    0    0
   0    0    0   -1    0    0    0    0
   0    0    0    0    0   -1    0    0
   0    0    0    0    0    0    0   -1 
 A2::
    1    -1     1    -1  0.83 -0.83   0.5  -0.5
  1.2  -1.2     1    -1     1    -1   1.2  -1.2
   -1     1     0     0     0     0     0     0
    0     0    -1     1     0     0     0     0
    0     0     0     0    -1     1     0     0
    0     0     0     0     0     0    -1     1
   -1     0     0     0     0     0     0     0
    0     0    -1     0     0     0     0     0
    0     0     0     0    -1     0     0     0
    0     0     0     0     0     0    -1     0
direction=
0
0
1
0
-0.583333
0
0
0
test=16.0388
test=65.44
test=-1
test=112
test=-1
test=112
beta=16.0388
x_dummy=
1
0
17.0388
0
55.9774
0
1
0
count=
6
 Matrices are A1::
    1    -1     1    -1  0.83 -0.83   0.5  -0.5
  0.5  -0.5   0.7  -0.7   1.2  -1.2   0.4  -0.4
    0    -1     0     0     0     0     0     0
    0     0     0    -1     0     0     0     0
    0     0     0     0     0    -1     0     0
    0     0     0     0     0     0     0    -1 
 A2::
 1.2 -1.2    1   -1    1   -1  1.2 -1.2
  -1    1    0    0    0    0    0    0
   0    0   -1    1    0    0    0    0
   0    0    0    0   -1    1    0    0
   0    0    0    0    0    0   -1    1
  -1    0    0    0    0    0    0    0
   0    0   -1    0    0    0    0    0
   0    0    0    0   -1    0    0    0
   0    0    0    0    0    0   -1    0
direction=
-0.341401
0
0
0
-0.191083
0
1
0
test=34.3502
test=2.9291
test=292.948
test=-1
test=2.9291
test=292.948
test=-1
beta=2.9291
x_dummy=
0
0
17.0388
0
55.4177
0
3.9291
0
count=
8
 Matrices are A1::
    1    -1     1    -1  0.83 -0.83   0.5  -0.5
  0.5  -0.5   0.7  -0.7   1.2  -1.2   0.4  -0.4
   -1     1     0     0     0     0     0     0
   -1     0     0     0     0     0     0     0
    0    -1     0     0     0     0     0     0
    0     0     0    -1     0     0     0     0
    0     0     0     0     0    -1     0     0
    0     0     0     0     0     0     0    -1 
 A2::
 1.2 -1.2    1   -1    1   -1  1.2 -1.2
   0    0   -1    1    0    0    0    0
   0    0    0    0   -1    1    0    0
   0    0    0    0    0    0   -1    1
   0    0   -1    0    0    0    0    0
   0    0    0    0   -1    0    0    0
   0    0    0    0    0    0   -1    0
direction=
0
-0
-0.432956
0
-0.0807754
0
1
0
test=27.4362
test=39.3545
test=686.071
test=-3.9291
test=39.3545
test=686.071
test=-3.9291
beta=27.4362
x_dummy=
0
0
5.16008
0
53.2015
0
31.3653
0
count=
9
 Matrices are A1::
    1    -1     1    -1  0.83 -0.83   0.5  -0.5
  1.2  -1.2     1    -1     1    -1   1.2  -1.2
  0.5  -0.5   0.7  -0.7   1.2  -1.2   0.4  -0.4
   -1     1     0     0     0     0     0     0
   -1     0     0     0     0     0     0     0
    0    -1     0     0     0     0     0     0
    0     0     0    -1     0     0     0     0
    0     0     0     0     0    -1     0     0
    0     0     0     0     0     0     0    -1 
 A2::
 0  0 -1  1  0  0  0  0
 0  0  0  0 -1  1  0  0
 0  0  0  0  0  0 -1  1
 0  0 -1  0  0  0  0  0
 0  0  0  0 -1  0  0  0
 0  0  0  0  0  0 -1  0
INTOTHEBokers

A1=
    1    -1     1    -1  0.83 -0.83   0.5  -0.5
  1.2  -1.2     1    -1     1    -1   1.2  -1.2
  0.5  -0.5   0.7  -0.7   1.2  -1.2   0.4  -0.4
   -1     1     0     0     0     0     0     0
   -1     0     0     0     0     0     0     0
    0    -1     0     0     0     0     0     0
    0     0     0    -1     0     0     0     0
    0     0     0     0     0    -1     0     0
    0     0     0     0     0     0     0    -1

Final Intial vertex=
0
0
5.16008
0
53.2015
0
31.3653
0
%%%%%%%%%%%%%%%%%%%%%%%%%%%%%%%%%
x=
0
0
5.16008
0
53.2015
0
31.3653
0
====================================
x=0
0
5.16008
0
53.2015
0
31.3653
0
+++++++++++++++++++++++++++++++++++++
=====================================
Ax=65
96
80
0
-5.16008
-53.2015
-31.3653
0
0
-5.16008
0
-53.2015
0
-31.3653
0
+++++++++++++++++++++++++++++++++++++
iteration=1m=15
b=65
96
80
0
0
0
0
0
0
0
0
0
0
0
0
-----------------
9
-------------------
256 The Matrices are A1::
    1    -1     1    -1  0.83 -0.83   0.5  -0.5
  1.2  -1.2     1    -1     1    -1   1.2  -1.2
  0.5  -0.5   0.7  -0.7   1.2  -1.2   0.4  -0.4
   -1     1     0     0     0     0     0     0
   -1     0     0     0     0     0     0     0
    0    -1     0     0     0     0     0     0
    0     0     0    -1     0     0     0     0
    0     0     0     0     0    -1     0     0
    0     0     0     0     0     0     0    -1 A2::
 0  0 -1  1  0  0  0  0
 0  0  0  0 -1  1  0  0
 0  0  0  0  0  0 -1  1
 0  0 -1  0  0  0  0  0
 0  0  0  0 -1  0  0  0
 0  0  0  0  0  0 -1  0
=============9===========================
Degenerate b=65.05
96.0025
80.0001
6.25e-006
3.125e-007
1.5625e-008
7.8125e-010
3.90625e-011
1.95313e-012
9.76563e-014
4.88281e-015
2.44141e-016
1.2207e-017
6.10352e-019
3.05176e-020
 returned b=65.05
96.0025
80.0001
6.25e-006
3.125e-007
1.5625e-008
7.8125e-010
3.90625e-011
1.95313e-012
9.76563e-014
4.88281e-015
2.44141e-016
1.2207e-017
6.10352e-019
3.05176e-020
====================================
x=0
0
5.16008
0
53.2015
0
31.3653
0
+++++++++++++++++++++++++++++++++++++
=====================================
Ax=65
96
80
0
-5.16008
-53.2015
-31.3653
0
0
-5.16008
0
-53.2015
0
-31.3653
0
+++++++++++++++++++++++++++++++++++++
iteration=2m=15
b=65.05
96.0025
80.0001
6.25e-006
3.125e-007
1.5625e-008
7.8125e-010
3.90625e-011
1.95313e-012
9.76563e-014
4.88281e-015
2.44141e-016
1.2207e-017
6.10352e-019
3.05176e-020
-----------------
4
-------------------
256 The Matrices are A1::
 0 -1  0  0  0  0  0  0
 0  0  0 -1  0  0  0  0
 0  0  0  0  0 -1  0  0
 0  0  0  0  0  0  0 -1 A2::
    1    -1     1    -1  0.83 -0.83   0.5  -0.5
  1.2  -1.2     1    -1     1    -1   1.2  -1.2
  0.5  -0.5   0.7  -0.7   1.2  -1.2   0.4  -0.4
   -1     1     0     0     0     0     0     0
    0     0    -1     1     0     0     0     0
    0     0     0     0    -1     1     0     0
    0     0     0     0     0     0    -1     1
   -1     0     0     0     0     0     0     0
    0     0    -1     0     0     0     0     0
    0     0     0     0    -1     0     0     0
    0     0     0     0     0     0    -1     0
=============4===========================
Going into get_vetex

count=
4
 Matrices are A1::
 0 -1  0  0  0  0  0  0
 0  0  0 -1  0  0  0  0
 0  0  0  0  0 -1  0  0
 0  0  0  0  0  0  0 -1 
 A2::
    1    -1     1    -1  0.83 -0.83   0.5  -0.5
  1.2  -1.2     1    -1     1    -1   1.2  -1.2
  0.5  -0.5   0.7  -0.7   1.2  -1.2   0.4  -0.4
   -1     1     0     0     0     0     0     0
    0     0    -1     1     0     0     0     0
    0     0     0     0    -1     1     0     0
    0     0     0     0     0     0    -1     1
   -1     0     0     0     0     0     0     0
    0     0    -1     0     0     0     0     0
    0     0     0     0    -1     0     0     0
    0     0     0     0     0     0    -1     0
direction=
0
0
0
0
1
0
0
0
test=0.060241
test=0.0025
test=0.000104167
test=-53.2015
test=-53.2015
beta=0.000104167
x_dummy=
0
0
5.16008
0
53.2016
0
31.3653
0
count=
5
 Matrices are A1::
 0.5 -0.5  0.7 -0.7  1.2 -1.2  0.4 -0.4
   0   -1    0    0    0    0    0    0
   0    0    0   -1    0    0    0    0
   0    0    0    0    0   -1    0    0
   0    0    0    0    0    0    0   -1 
 A2::
    1    -1     1    -1  0.83 -0.83   0.5  -0.5
  1.2  -1.2     1    -1     1    -1   1.2  -1.2
   -1     1     0     0     0     0     0     0
    0     0    -1     1     0     0     0     0
    0     0     0     0    -1     1     0     0
    0     0     0     0     0     0    -1     1
   -1     0     0     0     0     0     0     0
    0     0    -1     0     0     0     0     0
    0     0     0     0    -1     0     0     0
    0     0     0     0     0     0    -1     0
direction=
0
0
1
0
-0.583333
0
0
0
test=0.0967629
test=0.00575
test=-5.16008
test=91.2028
test=-5.16008
test=91.2028
beta=0.00575
x_dummy=
0
0
5.16583
0
53.1983
0
31.3653
0
count=
6
 Matrices are A1::
 1.2 -1.2    1   -1    1   -1  1.2 -1.2
 0.5 -0.5  0.7 -0.7  1.2 -1.2  0.4 -0.4
   0   -1    0    0    0    0    0    0
   0    0    0   -1    0    0    0    0
   0    0    0    0    0   -1    0    0
   0    0    0    0    0    0    0   -1 
 A2::
    1    -1     1    -1  0.83 -0.83   0.5  -0.5
   -1     1     0     0     0     0     0     0
    0     0    -1     1     0     0     0     0
    0     0     0     0    -1     1     0     0
    0     0     0     0     0     0    -1     1
   -1     0     0     0     0     0     0     0
    0     0    -1     0     0     0     0     0
    0     0     0     0    -1     0     0     0
    0     0     0     0     0     0    -1     0
direction=
-1.10638
0
0
0
0.12766
0
1
0
test=-0.0938152
test=5.64904e-006
test=-416.72
test=-31.3653
test=3.53065e-011
test=-416.72
test=-31.3653
beta=3.53065e-011
x_dummy=
-3.90625e-011
0
5.16583
0
53.1983
0
31.3653
0
count=
7
 Matrices are A1::
 1.2 -1.2    1   -1    1   -1  1.2 -1.2
 0.5 -0.5  0.7 -0.7  1.2 -1.2  0.4 -0.4
  -1    0    0    0    0    0    0    0
   0   -1    0    0    0    0    0    0
   0    0    0   -1    0    0    0    0
   0    0    0    0    0   -1    0    0
   0    0    0    0    0    0    0   -1 
 A2::
    1    -1     1    -1  0.83 -0.83   0.5  -0.5
   -1     1     0     0     0     0     0     0
    0     0    -1     1     0     0     0     0
    0     0     0     0    -1     1     0     0
    0     0     0     0     0     0    -1     1
    0     0    -1     0     0     0     0     0
    0     0     0     0    -1     0     0     0
    0     0     0     0     0     0    -1     0
direction=
-0
0
1
0
-0.423077
0
-0.480769
0
test=0.114937
test=-5.16583
test=125.741
test=65.2399
test=-5.16583
test=125.741
test=65.2399
beta=0.114937
x_dummy=
-3.90625e-011
0
5.28076
0
53.1496
0
31.3101
0
count=
8
 Matrices are A1::
    1    -1     1    -1  0.83 -0.83   0.5  -0.5
  1.2  -1.2     1    -1     1    -1   1.2  -1.2
  0.5  -0.5   0.7  -0.7   1.2  -1.2   0.4  -0.4
   -1     0     0     0     0     0     0     0
    0    -1     0     0     0     0     0     0
    0     0     0    -1     0     0     0     0
    0     0     0     0     0    -1     0     0
    0     0     0     0     0     0     0    -1 
 A2::
-1  1  0  0  0  0  0  0
 0  0 -1  1  0  0  0  0
 0  0  0  0 -1  1  0  0
 0  0  0  0  0  0 -1  1
 0  0 -1  0  0  0  0  0
 0  0  0  0 -1  0  0  0
 0  0  0  0  0  0 -1  0
INTOTHEBokers

A1=
    1    -1     1    -1  0.83 -0.83   0.5  -0.5
  1.2  -1.2     1    -1     1    -1   1.2  -1.2
  0.5  -0.5   0.7  -0.7   1.2  -1.2   0.4  -0.4
   -1     0     0     0     0     0     0     0
    0    -1     0     0     0     0     0     0
    0     0     0    -1     0     0     0     0
    0     0     0     0     0    -1     0     0
    0     0     0     0     0     0     0    -1

Final Intial vertex=
-3.90625e-011
0
5.28076
0
53.1496
0
31.3101
0
%%%%%%%%%%%%%%%%%%%%%%%%%%%%%%%%%
====================================
x=-3.90625e-011
0
5.28076
0
53.1496
0
31.3101
0
+++++++++++++++++++++++++++++++++++++
=====================================
Ax=65.05
96.0025
80.0001
3.90625e-011
-5.28076
-53.1496
-31.3101
3.90625e-011
0
-5.28076
0
-53.1496
0
-31.3101
0
+++++++++++++++++++++++++++++++++++++
iteration=3m=15
b=65.05
96.0025
80.0001
6.25e-006
3.125e-007
1.5625e-008
7.8125e-010
3.90625e-011
1.95313e-012
9.76563e-014
4.88281e-015
2.44141e-016
1.2207e-017
6.10352e-019
3.05176e-020
-----------------
8
-------------------
256 The Matrices are A1::
    1    -1     1    -1  0.83 -0.83   0.5  -0.5
  1.2  -1.2     1    -1     1    -1   1.2  -1.2
  0.5  -0.5   0.7  -0.7   1.2  -1.2   0.4  -0.4
   -1     0     0     0     0     0     0     0
    0    -1     0     0     0     0     0     0
    0     0     0    -1     0     0     0     0
    0     0     0     0     0    -1     0     0
    0     0     0     0     0     0     0    -1 A2::
-1  1  0  0  0  0  0  0
 0  0 -1  1  0  0  0  0
 0  0  0  0 -1  1  0  0
 0  0  0  0  0  0 -1  1
 0  0 -1  0  0  0  0  0
 0  0  0  0 -1  0  0  0
 0  0  0  0  0  0 -1  0
=============8===========================
=============================================
A1=
    1    -1     1    -1  0.83 -0.83   0.5  -0.5
  1.2  -1.2     1    -1     1    -1   1.2  -1.2
  0.5  -0.5   0.7  -0.7   1.2  -1.2   0.4  -0.4
   -1     0     0     0     0     0     0     0
    0    -1     0     0     0     0     0     0
    0     0     0    -1     0     0     0     0
    0     0     0     0     0    -1     0     0
    0     0     0     0     0     0     0    -1
A_copy=
           0            0 1.85037e-016           -1            0            0 1.85037e-017            0
          -0           -0           -0           -0           -1           -0           -0           -0
     2.44821    -0.630885     -1.16761      1.10734     -1.10734           -1 -9.4024e-017           -0
          -0           -0           -0           -0           -0           -1           -0           -0
    -1.03578    -0.117702      1.64783    -0.353107     0.353107            0           -1            0
          -0           -0           -0           -0           -0           -0           -1           -0
    -1.17702      1.45716    -0.400188     0.371469    -0.371469           -0 -3.2669e-017           -1
          -0           -0           -0           -0           -0           -0           -0           -1
B_dash=
65
96
80
0
0
0
0
0
count3=
8
================================
================================
===============================
+++++++++++++++++++++++++++++++
===============================
+++++++++++++++++++++++++++++++
===============================
+++++++++++++++++++++++++++++++
===============================
+++++++++++++++++++++++++++++++
===============================
+++++++++++++++++++++++++++++++
 302 You are not done

sum=1
sum=0.353107
sum=0.353107
ax=3.90625e-011
t=6.24996e-006
mini=6.24996e-006
ax=-53.1496
t=150.52
mini=6.24996e-006
ax=-53.1496
t=150.52
mini=6.24996e-006
-3.90625e-011
6.24996e-006
5.28077
0
53.1496
0
31.3101
0
&&&&&&&&&&&&&&&&&&&&&&&&&&&&&&&&&&&&&&&&&&&&6.24996e-006&&&&&&&&&&&&&&&&&&&&&&&&&&&&&&&&&&&&&&&&&&&&
====================================
x=-3.90625e-011
6.24996e-006
5.28077
0
53.1496
0
31.3101
0
+++++++++++++++++++++++++++++++++++++
=====================================
Ax=65.05
96.0025
80.0001
6.25e-006
-5.28077
-53.1496
-31.3101
3.90625e-011
-6.24996e-006
-5.28077
0
-53.1496
0
-31.3101
0
+++++++++++++++++++++++++++++++++++++
iteration=4m=15
b=65.05
96.0025
80.0001
6.25e-006
3.125e-007
1.5625e-008
7.8125e-010
3.90625e-011
1.95313e-012
9.76563e-014
4.88281e-015
2.44141e-016
1.2207e-017
6.10352e-019
3.05176e-020
-----------------
8
-------------------
256 The Matrices are A1::
    1    -1     1    -1  0.83 -0.83   0.5  -0.5
  1.2  -1.2     1    -1     1    -1   1.2  -1.2
  0.5  -0.5   0.7  -0.7   1.2  -1.2   0.4  -0.4
   -1     1     0     0     0     0     0     0
   -1     0     0     0     0     0     0     0
    0     0     0    -1     0     0     0     0
    0     0     0     0     0    -1     0     0
    0     0     0     0     0     0     0    -1 A2::
 0  0 -1  1  0  0  0  0
 0  0  0  0 -1  1  0  0
 0  0  0  0  0  0 -1  1
 0 -1  0  0  0  0  0  0
 0  0 -1  0  0  0  0  0
 0  0  0  0 -1  0  0  0
 0  0  0  0  0  0 -1  0
=============8===========================
=============================================
A1=
    1    -1     1    -1  0.83 -0.83   0.5  -0.5
  1.2  -1.2     1    -1     1    -1   1.2  -1.2
  0.5  -0.5   0.7  -0.7   1.2  -1.2   0.4  -0.4
   -1     1     0     0     0     0     0     0
   -1     0     0     0     0     0     0     0
    0     0     0    -1     0     0     0     0
    0     0     0     0     0    -1     0     0
    0     0     0     0     0     0     0    -1
A_copy=
           0            0 1.85037e-016            0           -1            0 1.85037e-017            0
          -0           -0           -0            1           -1           -0           -0           -0
     2.44821    -0.630885     -1.16761      1.10734            0           -1 -9.4024e-017            0
          -0           -0           -0           -0           -0           -1           -0           -0
    -1.03578    -0.117702      1.64783    -0.353107            0            0           -1            0
          -0           -0           -0           -0           -0           -0           -1           -0
    -1.17702      1.45716    -0.400188     0.371469           -0           -0 -3.2669e-017           -1
          -0           -0           -0           -0           -0           -0           -0           -1
B_dash=
65
96
80
0
0
0
0
0
count3=
8
================================
================================
===============================
+++++++++++++++++++++++++++++++
===============================
+++++++++++++++++++++++++++++++
===============================
+++++++++++++++++++++++++++++++
===============================
+++++++++++++++++++++++++++++++
===============================
+++++++++++++++++++++++++++++++
===============================
+++++++++++++++++++++++++++++++
===============================
+++++++++++++++++++++++++++++++
===============================
+++++++++++++++++++++++++++++++
Exiting from get_solution

Final x=
1.4803e-014
0
5.16008
0
53.2015
0
31.3653
0
Into the main
INto the else
Optimum solution is 
1.4803e-014
5.16008
53.2015
31.3653
Cost is:480.791
